experiment: 25x25
number of tasks: 10
task: 2
puzzle size: 25x25
+----------------+----------------+----------------+----------------+----------------+
|  7  3 15 25 10 | 12 19  8  9 22 |  4 17 18 11 24 |  1  6  2 13 21 | 16 14 20 23  5 |
| 13 23  5  6 22 |  1 14 11 10  3 |  8 25  9 16  2 | 19  7 24 20 12 | 18 21  4 15 17 |
|  4  1  9 18 19 | 24  5 16 13 21 |  7 20  3 23  6 |  8 14 15 25 17 | 10 22 12  2 11 |
| 20 24 17 14 16 |  7 15 23 18  2 | 13 10 12 21 19 |  4 22 11  5  9 |  6  8 25  3  1 |
| 21  8 11 12  2 | 25  6  4 20 17 | 14 22 15  5  1 | 18 23 16 10  3 | 19  9 13 24  7 |
+----------------+----------------+----------------+----------------+----------------+
| 18  5  6 23 21 | 15 20  2  1  9 | 16 12 11 24 10 |  3  8 22 19  4 | 17  7 14 13 25 |
| 16 20  4 11  7 | 19 18 17 23 12 |  3  1 25  9 21 | 24 13 10 14 15 | 22  6  2  5  8 |
| 15  9 14 13  3 | 21 10 24 16  5 | 22  7 19  2  8 | 17 25 18  1  6 |  4 20 23 11 12 |
| 19 25  8 22  1 | 11  3  7  4 14 |  5  6 23 17 13 | 20 16 12  9  2 | 21 24 15 10 18 |
| 10 17 24  2 12 | 22 25  6  8 13 | 20 18 14  4 15 | 21 11  5 23  7 |  9  3  1 16 19 |
+----------------+----------------+----------------+----------------+----------------+
| 25 22 13 24 23 | 20 16 15  2 19 | 12  3 10  8 17 | 14 21  1  6 11 |  7  5 18  4  9 |
|  2 16 20  7 15 |  3 12 25  6 24 | 21  5  4  1  9 | 10 17 23 18 22 |  8 13 11 19 14 |
| 12  4 21  5  6 | 14 11 10 17 18 | 24 13  7 19 25 |  9 20  3  8 16 | 15 23 22  1  2 |
|  1 14 10  9 11 |  8 13 22 21  4 | 23  2 16 18 20 |  5 15 25  7 19 | 24 17  3 12  6 |
|  8 18  3 19 17 |  9  1  5  7 23 | 15 11  6 22 14 | 12 24  4  2 13 | 20 16 10 25 21 |
+----------------+----------------+----------------+----------------+----------------+
| 22 10  1 15 18 |  5  8 21 14 16 |  2  9 13  6 12 | 25  3  7 24 20 | 11  4 19 17 23 |
|  5 12 16 21 14 | 13 24 19 25  1 | 17 23 20 10  7 | 11  9  6  4 18 |  2 15  8 22  3 |
|  9 19  2 20 24 | 23  7 18 22 10 | 11  4 21 25  3 | 15  1 13 17  8 |  5 12  6 14 16 |
|  6 13  7  8  4 | 17  2  3 12 11 |  1 19  5 15 22 | 16 10 14 21 23 | 25 18  9 20 24 |
|  3 11 23 17 25 |  6  4  9 15 20 | 18  8 24 14 16 | 22  2 19 12  5 | 13  1  7 21 10 |
+----------------+----------------+----------------+----------------+----------------+
| 17  6 12  3  9 | 16 22  1 24 15 | 25 21  8 13 18 |  2 19 20 11 14 | 23 10  5  7  4 |
| 23  7 19 16 20 |  4  9 12  5  8 | 10 24  2  3 11 | 13 18 17 15  1 | 14 25 21  6 22 |
| 11 15 25  4  8 | 10 23 14 19  6 |  9 16  1 20  5 |  7 12 21 22 24 |  3  2 17 18 13 |
| 24 21 18  1 13 |  2 17 20 11 25 |  6 14 22  7  4 | 23  5  8  3 10 | 12 19 16  9 15 |
| 14  2 22 10  5 | 18 21 13  3  7 | 19 15 17 12 23 |  6  4  9 16 25 |  1 11 24  8 20 |
+----------------+----------------+----------------+----------------+----------------+


