experiment: 36x36
number of tasks: 10
task: 1
puzzle size: 36x36
+-------------------+-------------------+-------------------+-------------------+-------------------+-------------------+
|  5  9  2 28 10 32 | 31 17  3 23 12  4 | 18 34 11 16 15 22 | 30 26 21  8 25 24 | 33 27  7 13 20 19 |  1 36 14 35 29  6 |
|  1  7  4 24 34 18 |  5 14  8 19 22 30 | 13 28  6  2 10 25 | 31 20 29 11 32  9 | 16 35 36 17  3 15 | 12 21 23 33 26 27 |
|  6 17 33 21 35 14 | 25 36 32 28 11 15 |  5 29  1  3  9 27 |  2 13 19 16 18 23 | 26 34  4 22 12 24 | 30 31 20  7 10  8 |
|  3 25 15 12 36 26 | 20 35 33 13  6 21 | 32  7 31 24 14  8 | 34  1 27 10  5  4 |  9 11 23 30 28 29 |  2 16 17 18 19 22 |
| 19 11 22 20 16 13 | 29  7 18 10 27  9 | 26 21 23 30 17 36 |  6 35 12 33 15  3 |  2  8  5  1 14 31 | 34 28 32 24  4 25 |
| 30 23 31 29 27  8 | 16  2 34 26 24  1 | 19  4 20 12 35 33 |  7 17 22 36 28 14 | 10 25  6 18 32 21 | 11  3  5 15  9 13 |
+-------------------+-------------------+-------------------+-------------------+-------------------+-------------------+
| 17  8  3 25 32  5 |  7 23  9 15  1 16 | 33  2 27 34 31 21 |  4 30 14 18 12 29 | 28 36 35 24  6 26 | 13 22 19 20 11 10 |
| 13 26 11 10 24 19 | 34  4 20 18 28 25 | 16 17 36  8 22  9 |  1 32  3 23 33 21 | 30 15 12 14 29  5 | 35  7  2 27  6 31 |
| 36 20 30  2 23 27 | 24 11 22 14 17  6 | 29 15  3 26  1 13 | 19 31  5 35 10 28 | 34 18 16  9  7  4 |  8 32 33 25 12 21 |
|  9  6 35  4 21 15 | 13 31 29 30  2 32 | 14 25 12  5 28 19 | 22 24  7 20  8 11 |  3 33 17 27 10 23 | 18 34 26 16  1 36 |
| 22 16 29 33 12 28 | 19 10  5  3 26 35 | 11  6 32  7  4 18 | 25  9 34 13 27 36 |  1 20 21  8 31  2 | 24 17 15 23 30 14 |
| 18 14  1 34  7 31 | 27 12 21 36  8 33 | 24 35 30 23 20 10 | 26 15  6  2 16 17 | 13 22 19 32 11 25 |  5 29  3  9 28  4 |
+-------------------+-------------------+-------------------+-------------------+-------------------+-------------------+
|  7 13 36  6 30  2 | 32 34 14  1 16 18 | 28  9  4 21 23 11 | 20 33 24 26 31 12 |  8  3 15 19 27 35 | 25  5 10 29 22 17 |
| 27 10  8 23 26 25 | 11 21 19 24 13  7 | 15  5 29 18  2 31 |  3 16 36  1 34 35 | 17  4 28 20  9 22 |  6 14 12 30 33 32 |
| 14  5 28  9 20 12 | 35 26 36 17  4  8 | 25 19 13 10 32  1 | 21  7 15 27 22  2 | 29 30 33  6 34 11 | 23 24 18 31 16  3 |
| 35  4 17 32  1 29 |  3 30  2 22 25 10 | 36 27 34 14 33 24 |  5  6 28  9 11 13 | 18 23 26 31 16 12 | 21 15  8 19 20  7 |
| 16 22 24 11 31 33 | 15 28 27  6 23 29 | 12 30  7 20 26  3 | 17 18  8 25  4 19 | 21 10 14  2  5 32 | 36  9 34  1 13 35 |
| 15 21 19 18  3 34 | 12  5 31 33  9 20 | 17 16  8 22  6 35 | 23 14 32 30 29 10 | 25  1 24  7 36 13 | 28 27  4 26  2 11 |
+-------------------+-------------------+-------------------+-------------------+-------------------+-------------------+
| 29 31 27  8  5 11 | 14 13 26 12 18 22 | 30 20 21 17 16 28 | 10  3 35  6 24 34 | 19  9  1 33 23  7 | 15  4 25 32 36  2 |
| 12 35 21 17 15 22 | 28 25 24  9 30 36 | 31  1 19 13  5  4 | 27  2 18 14 23  7 | 32 29 10 26  8 16 |  3 33  6 11 34 20 |
|  2  1 20 16 33  7 |  4 29 17  8 35  3 | 10 32 14 36 18 34 | 11 25 26 21 19 22 | 24 13 27 15 30  6 |  9 23 28 12 31  5 |
| 32 19 25 26  9  3 |  6 16 10  7 21 31 | 35 23 24 29 11  2 |  8 36  1 15 13 33 | 20  5 34 12  4 28 | 14 30 27 22 17 18 |
| 23 28  6 36  4 10 | 33 15  1 27 32 34 | 22  3 26 25  8  7 |  9 12 20 31 30  5 | 11 17 18 35  2 14 | 16 19 21 13 24 29 |
| 34 30 18 14 13 24 |  2 20 23 11  5 19 |  9 33 15 27 12  6 | 28 29  4 32 17 16 | 36 31 22 25 21  3 | 10  1 35  8  7 26 |
+-------------------+-------------------+-------------------+-------------------+-------------------+-------------------+
|  4  3 10 31  6 20 |  9  8 11  5 33 24 | 21 13 25  1 27 16 | 14 23 17  7  2 15 | 35 26 30 28 18 36 | 29 12 22 34 32 19 |
| 21 29 34 15  2 23 | 17  6  4 25  3 27 |  7 14 28 19 24 20 | 36 11 30 22  9  8 | 12 32 31  5 13 33 | 26 35  1 10 18 16 |
| 26 27  9  5 18 17 | 30 32 35 21 36 13 |  2 31 33 11 29 12 | 24 19 25 28  1 20 | 14 16  8 10 22 34 |  4  6  7  3 23 15 |
| 11 33 12 35 22 30 | 23 19 28 31 10  2 |  8 26 17 32  3 15 | 29  5 16 34 21 18 |  7  6 25  4  1 27 | 20 13 24 36 14  9 |
| 25 32 13  7 28  1 | 22 18 16 29 34 14 |  6 10  9  4 36 23 | 12 27 31  3 35 26 | 15 24  2 11 19 20 | 17  8 30  5 21 33 |
| 24 36 14 19  8 16 | 26  1  7 20 15 12 | 34 18 22 35 30  5 | 13 10 33  4  6 32 | 23 21 29  3 17  9 | 27 11 31  2 25 28 |
+-------------------+-------------------+-------------------+-------------------+-------------------+-------------------+
| 20 34 32  3 17 21 | 10 27  6 35 19  5 | 23 12  2 33  7 30 | 16 22 11 24 36 25 |  4 14  9 29 26  8 | 31 18 13 28 15  1 |
| 10  2 23 27 11 35 |  1 33 30 16  7 28 |  4 36  5  9 25 14 | 15 34 13 17  3 31 | 22 19 20 21 24 18 | 32 26 29  6  8 12 |
| 33 12 26 22 14 36 |  8 24 15  4 29 23 |  1 11 16 31 13 32 | 18 28 10  5 20 27 |  6  7  3 34 25 17 | 19  2  9 21 35 30 |
|  8 18  7 13 29  6 | 36  3 25  2 31 11 | 20 24 35 28 21 17 | 33  4  9 19 26  1 | 27 12 32 23 15 30 | 22 10 16 14  5 34 |
| 31 24 16 30 19  9 | 18 22 12 32 20 17 | 27  8 10 15 34 26 | 35 21  2 29 14  6 |  5 28 13 36 33  1 |  7 25 11  4  3 23 |
| 28 15  5  1 25  4 | 21  9 13 34 14 26 |  3 22 18  6 19 29 | 32  8 23 12  7 30 | 31  2 11 16 35 10 | 33 20 36 17 27 24 |
+-------------------+-------------------+-------------------+-------------------+-------------------+-------------------+


