experiment: 25x25
number of tasks: 10
task: 3
puzzle size: 25x25
+----------------+----------------+----------------+----------------+----------------+
|  1 25  6 17  9 |  3  5 19 15 22 | 10 16 24 13  7 | 11 20 23 14  4 | 18 21 12  8  2 |
| 13  5  2 22 10 |  6 18 24  1 20 |  8 14 21 11 15 | 17  3  9 12 19 | 16 23  4 25  7 |
| 23 14 12  7 20 | 25  9 10 11  8 |  2 17  3 22  4 | 18 15 21 16  5 | 13 19  6  1 24 |
| 19 21 18  3 24 | 16 14  4 23 13 | 12  5  6 25  1 |  7 10 22  2  8 | 17 15  9 11 20 |
| 16  4  8 15 11 | 12 17 21  2  7 | 19 18 23 20  9 | 24  1 13 25  6 | 22 10  5  3 14 |
+----------------+----------------+----------------+----------------+----------------+
| 18  9 15 20 17 | 10 24  3  7 12 | 14 22 13  1 16 | 25  6 19 21 11 | 23  4  8  2  5 |
| 10 11 23 16 13 |  9  8 22 21 25 |  5  7 17 19  6 | 14  2  3  4 24 | 20 12 18 15  1 |
| 22  3 19 12  2 | 18  1 20 13 17 | 21  4 11 23 25 |  9  5 15  8  7 | 10 24 14 16  6 |
|  4  1 14 21  8 | 23  6 15  5 19 | 18  2 12  3 24 | 20 22 16 17 10 | 11 25 13  7  9 |
| 24  6  5 25  7 | 11 16  2  4 14 | 20  9 10 15  8 | 23 13 18  1 12 | 21  3 22 17 19 |
+----------------+----------------+----------------+----------------+----------------+
|  3 17  9  2 22 | 14 19  8 20 21 | 15 11  4 24 13 | 12 25  1 23 16 |  5 18  7  6 10 |
| 12 13 24  8  4 | 22 15  7 25 11 |  6 23 18 21 19 | 10 17  5  3 20 |  2 14  1  9 16 |
| 20 19 25 18  1 |  2 23 16 24  6 | 17 10 14  9  5 | 21  4  8  7 13 | 15 22 11 12  3 |
| 15 10 16 14  6 |  4  3 17 12  5 | 22  1  7  8  2 | 19 11 24 18  9 | 25 20 21 13 23 |
|  5 23  7 11 21 | 13 10 18  9  1 | 25  3 16 12 20 |  6 14  2 22 15 | 24  8 17 19  4 |
+----------------+----------------+----------------+----------------+----------------+
| 21 20 17  9 15 |  8 11  1 10  2 |  3 19 25  7 23 |  4 18 12 13 14 |  6 16 24  5 22 |
|  7 24 11  1  3 | 19 13 25 22  4 | 16 21  2 10 14 |  5  8 20  6 17 | 12  9 15 23 18 |
|  8 18 10  5 19 |  7 21 14 17 23 |  9 15  1  6 12 |  3 16 25 24 22 |  4 11  2 20 13 |
|  6  2 22 13 25 | 24 12  5 16 18 | 11 20  8  4 17 | 15 23 10  9  1 | 19  7  3 14 21 |
| 14 16  4 23 12 | 15 20  6  3  9 | 13 24  5 18 22 |  2 19  7 11 21 |  1 17 25 10  8 |
+----------------+----------------+----------------+----------------+----------------+
| 25 12  1 19 14 | 17  7 11  8 10 | 24 13 20 16 18 | 22 21  6  5  3 |  9  2 23  4 15 |
|  9 15  3  4 16 | 20  2 23 14 24 |  1  8 22  5 21 | 13 12 11 10 25 |  7  6 19 18 17 |
|  2 22 21 10  5 |  1  4  9  6  3 | 23 25 19 17 11 | 16  7 14 15 18 |  8 13 20 24 12 |
| 11  7 13 24 18 |  5 22 12 19 16 |  4  6 15  2  3 |  8  9 17 20 23 | 14  1 10 21 25 |
| 17  8 20  6 23 | 21 25 13 18 15 |  7 12  9 14 10 |  1 24  4 19  2 |  3  5 16 22 11 |
+----------------+----------------+----------------+----------------+----------------+


