experiment: 25x25
number of tasks: 10
task: 4
puzzle size: 25x25
+----------------+----------------+----------------+----------------+----------------+
| 18 22 15  1 10 | 13  6  4 21  2 | 11 14 17 16  3 | 23 20  7  5  8 |  9 19 12 25 24 |
| 20 23 13 21  3 | 17 16 15 18  9 | 19  2 25  7  5 | 24  4 10 12  6 |  8  1 22 14 11 |
| 14  9 25 11  4 | 24  5 19 20 12 |  8 21 18  6 10 | 22 13  1 16  3 |  2 17 23 15  7 |
|  6  7 17  8 19 | 23  3 14 25 10 |  1 22  9 12 24 | 21 11  2 15 18 |  5  4 16 20 13 |
|  2 24 16  5 12 | 11  1  8  7 22 | 13 15 20  4 23 | 17  9 19 14 25 |  3 21 10  6 18 |
+----------------+----------------+----------------+----------------+----------------+
| 13 20 12 18 21 |  8 14 11 24 15 |  6 10 22 17  1 |  7  5  3 23 16 |  4 25  2 19  9 |
|  5 19  4 25 15 | 18 20  2  1 16 | 12  8  7 24 21 | 14 22  6  9 13 | 11 10  3 23 17 |
|  1 10 23  9  2 |  6 17 25 22  3 | 15 13 16 14 11 |  4 12  8 19 20 | 21 18  7 24  5 |
| 16  8 11 22 17 |  5  7 10 19  4 | 23 25  3  9  2 | 18 24 15 21  1 |  6 12 20 13 14 |
| 24  3 14  7  6 | 21 23 12  9 13 |  5 20  4 18 19 |  2 10 17 25 11 | 16 22  1  8 15 |
+----------------+----------------+----------------+----------------+----------------+
| 11 15  8 23 14 | 10 22  7 12 17 |  3 16 13 20 25 |  6 19 24  1  9 | 18  5  4 21  2 |
|  9  1  2 13  7 | 25  4 21 16 24 | 10 23  6 15  8 |  5 18 11 22 17 | 14  3 19 12 20 |
|  4 16 10 20 18 |  2 11  9  3  6 | 14 19 12  5 17 | 13 25 21  8 23 | 15  7 24 22  1 |
| 22 12 21  6 25 | 15 19  5 23  1 | 18  9 24 11  4 | 20  3 14  7  2 | 17 16 13 10  8 |
| 19 17 24  3  5 | 20 18 13 14  8 | 21  1  2 22  7 | 16 15  4 10 12 | 23 11  6  9 25 |
+----------------+----------------+----------------+----------------+----------------+
|  7  5 18 16 22 | 19 13 20  4 21 |  9 12 11  1 15 | 10  8 25  6 14 | 24  2 17  3 23 |
| 21 11  6 12 13 | 16 25 24 17 23 |  4  3 14 19 18 |  9  1 22  2  7 | 20 15  8  5 10 |
|  3  2 20 15 23 | 22 12  1 10 14 | 16 24  8 25 13 | 11 17  5 18  4 | 19  6  9  7 21 |
| 10 25  1 14  8 |  7  9  6 15 11 | 17  5 21  2 22 |  3 23 20 24 19 | 12 13 18  4 16 |
| 17  4  9 19 24 |  3  8 18  2  5 | 20  7 10 23  6 | 15 16 12 13 21 |  1 14 25 11 22 |
+----------------+----------------+----------------+----------------+----------------+
| 15 18  7 17 20 | 12 21  3  5 19 | 22  4 23 10 16 |  8  2 13 11 24 | 25  9 14  1  6 |
| 12 14  5  2 16 |  9 10 22  6 25 | 24 17  1 13 20 | 19 21 23  3 15 |  7  8 11 18  4 |
| 25  6 19 10  9 |  4 15 23  8 18 |  2 11  5  3 14 |  1  7 16 20 22 | 13 24 21 17 12 |
| 23 21 22  4 11 |  1 24 16 13  7 | 25  6 19  8  9 | 12 14 18 17  5 | 10 20 15  2  3 |
|  8 13  3 24  1 | 14  2 17 11 20 |  7 18 15 21 12 | 25  6  9  4 10 | 22 23  5 16 19 |
+----------------+----------------+----------------+----------------+----------------+


