experiment: 25x25
number of tasks: 10
task: 1
puzzle size: 25x25
+----------------+----------------+----------------+----------------+----------------+
| 23  4 15 24  6 |  3 13 21 17  1 | 12 25  5  9  2 |  8 16 10 11 19 | 20 22 18  7 14 |
|  3 16 18 22 17 |  6 25 10  7 20 | 13  4 19  1  8 |  9 12 14 24 15 | 23 21  2 11  5 |
| 21 10 13 12 19 |  4 24 14 22  8 | 23 18  3 11 15 | 25 20  7  5  2 |  1  6 16  9 17 |
|  8  5  1 14  7 |  2  9 11 18 16 | 21 22 24 20 10 | 17  6  4 23  3 | 15 13 25 19 12 |
| 11  2 25  9 20 | 12 23  5 19 15 |  6 14 17  7 16 | 21  1 22 13 18 |  3 10 24  8  4 |
+----------------+----------------+----------------+----------------+----------------+
| 16 25  9 23  8 | 14 10 18  1  5 | 11  7 12 24  4 |  3 15  6  2 22 | 13 20 19 17 21 |
| 10 18 11  6  1 | 15  7  2 13 24 |  5 20 14 17 25 | 23  9 19 12 21 |  8 16  3  4 22 |
|  4 12 14  2  5 | 19 20  8  3 21 | 22 23 16 15  6 | 10 24 13 25 17 |  7  9 11 18  1 |
|  7 20 22 17  3 |  9 16  4 25 12 | 19  1 21 10 13 | 18  5  8 14 11 |  2 23 15 24  6 |
| 24 19 21 15 13 | 17  6 23 11 22 | 18  9  2  8  3 | 16  7 20  4  1 | 12  5 10 14 25 |
+----------------+----------------+----------------+----------------+----------------+
|  6 23 19  5 15 | 16 18  3 24 25 | 17 10  4 14 12 |  2 21 11  8 13 |  9  1 22 20  7 |
| 17 22 10 18  9 |  5 15 12 20  4 |  7  2  1 23 11 | 24 25 16  3  6 | 19 14  8 21 13 |
| 25  3 16  1 12 | 11  2  6 10 14 |  8 19 20 13 21 |  7 22 18  9  4 |  5 15 17 23 24 |
|  2 13  8  4 21 | 23  1 19  9  7 | 24  5  6 22 18 | 20 14 17 15 10 | 11 25 12 16  3 |
| 20 11 24  7 14 | 22  8 17 21 13 |  3 16 15 25  9 | 12 19 23  1  5 |  6 18  4 10  2 |
+----------------+----------------+----------------+----------------+----------------+
| 14  8 20 11 18 | 25 21 15 16  9 |  4  3  7 12  1 | 13 10  5  6 24 | 17  2 23 22 19 |
| 19  7  2 10 16 | 20 17  1  4 23 | 15  6 25 18  5 | 11  8 21 22 12 | 14 24 13  3  9 |
| 15  1  4 13 22 | 10  5 24 12 18 |  9  8 11  2 23 | 19 17  3 20 14 | 21  7  6 25 16 |
|  9 21  5 25 23 |  8  3 13  6 19 | 14 24 22 16 17 | 15  4  2 18  7 | 10 11  1 12 20 |
| 12 17  6  3 24 |  7 14 22  2 11 | 10 21 13 19 20 |  1 23  9 16 25 |  4  8  5 15 18 |
+----------------+----------------+----------------+----------------+----------------+
| 22 15 23  8 11 | 21 12 20  5  3 |  1 17  9  6 24 | 14 13 25 19 16 | 18  4  7  2 10 |
|  1 14  3 16  2 | 13 19 25 15 10 | 20 11  8  5 22 |  4 18 12  7  9 | 24 17 21  6 23 |
| 13 24 17 19  4 | 18 22  9  8  6 | 25 12 23 21  7 |  5  2 15 10 20 | 16  3 14  1 11 |
| 18  9 12 21 25 | 24  4  7 23  2 | 16 13 10  3 14 |  6 11  1 17  8 | 22 19 20  5 15 |
|  5  6  7 20 10 |  1 11 16 14 17 |  2 15 18  4 19 | 22  3 24 21 23 | 25 12  9 13  8 |
+----------------+----------------+----------------+----------------+----------------+


