experiment: 25x25
number of tasks: 10
task: 5
puzzle size: 25x25
+----------------+----------------+----------------+----------------+----------------+
| 22 11 12 19  4 |  5 10 16 25 21 |  7  3 13 20  1 |  2 23  9 18  6 | 24 17  8 14 15 |
| 13  8  1  2  9 | 12 23 17  6 20 | 18 14 10 16 21 | 15 19 11 24  4 | 22  3  7 25  5 |
|  6 10 17 21 15 | 11 14 24 18  8 | 23  4  9  5 12 |  7 25 16 22  3 | 13 20  1  2 19 |
|  3 20  5 16 25 | 19  4 22  7  2 |  8 17 24 15  6 | 14  1 13 12 10 | 21 23 11 18  9 |
| 23  7 24 14 18 | 15  9 13  3  1 | 11 25 19  2 22 | 17  8 20  5 21 | 10 12 16  6  4 |
+----------------+----------------+----------------+----------------+----------------+
| 19 22  4 20 21 | 17  6 25  8 11 | 16 23  1  9  3 | 13  2 24 14 15 |  5  7 18 10 12 |
|  2 16 13 25  7 |  9 21 14  1 18 |  5 20 22 19 10 |  8 11  6  3 12 | 15  4 24 23 17 |
|  8  6 18 24  3 | 23  5 20 10 15 | 14 21 17 12  2 | 16  4 22 19  7 |  9 11 13  1 25 |
| 10 14 15 23  1 |  4 13  3  2 12 |  6  7  8 24 11 | 18  9 17 25  5 | 20 19 22 21 16 |
| 17 12 11  9  5 | 16 24  7 19 22 | 13 18 15 25  4 | 21 10  1 20 23 |  6  8  2  3 14 |
+----------------+----------------+----------------+----------------+----------------+
| 14 24  7 18 12 | 13  1  6 17 19 |  4  2 23 11 20 | 25 22  5 16  9 |  3 21 10 15  8 |
| 15  3 19 17  2 | 21  7 11  5  4 | 24 22  6  8 25 | 23 13 18 10 20 | 12  9 14 16  1 |
|  1  5 10 13  6 |  2 25 15 23 16 | 12  9 21 17  7 |  3 14  4 11  8 | 18 24 19 20 22 |
|  9 23 16 11  8 | 20 18 12 22 24 | 15 10 14  3  5 |  6 17 19 21  1 |  2 25  4  7 13 |
| 21  4 25 22 20 | 10  3  8 14  9 |  1 19 18 13 16 | 12 24  7 15  2 | 17  5 23 11  6 |
+----------------+----------------+----------------+----------------+----------------+
|  4 25  9  1 23 |  7 22  2 15 13 | 21 16  5  6 24 | 10 12  3 17 18 |  8 14 20 19 11 |
|  7  2 20  3 17 |  6 19 21 24 14 |  9 13 11  4 18 |  5 16  8  1 22 | 25 10 15 12 23 |
| 18 19 22  5 10 | 25 16  1 12 17 |  3 15 20  7  8 |  9 21 14 23 11 |  4 13  6 24  2 |
| 16 15 14  6 24 |  8 11 18  9 23 | 19 12 25 10 17 | 20  7  2  4 13 |  1 22  3  5 21 |
| 11 21  8 12 13 |  3 20 10  4  5 | 22  1  2 23 14 | 19 15 25  6 24 |  7 16  9 17 18 |
+----------------+----------------+----------------+----------------+----------------+
| 20 18  6  4 19 | 24 17  5 21  7 | 25  8 16 22 15 |  1  3 23 13 14 | 11  2 12  9 10 |
| 12  1  3  8 22 | 14  2 19 11  6 | 10  5  4 21 23 | 24 20 15  9 25 | 16 18 17 13  7 |
| 25 13 21  7 11 |  1  8  9 16  3 | 20  6 12 14 19 |  4 18 10  2 17 | 23 15  5 22 24 |
|  5  9  2 15 16 | 22 12 23 20 10 | 17 24  7 18 13 | 11  6 21  8 19 | 14  1 25  4  3 |
| 24 17 23 10 14 | 18 15  4 13 25 |  2 11  3  1  9 | 22  5 12  7 16 | 19  6 21  8 20 |
+----------------+----------------+----------------+----------------+----------------+


